0
0.35362974409772185
0.07158001301753594
0.4046348970742629
1.7825657795355367
0.24936160869593535
0.36447226380078085
0.0827419940045237
-0.5768026812950788
-0.6761478126523568
-0.38391693816372435
-0.23504070787527964
-0.8387467270644721
-0.6661469973900002
-2.1500573486212264
-0.6241648750139435
-1.0489103574652197
-1.0593596147707034
-0.7728693346648818
-1.4323287329050773
-1.4680618912046537
-1.5182652250553827
-1.4338043715760815
0.05240122949200697
0.0732789793477437
0.6541457689523279
1.5572226091357544
-0.46609627064723613
1.0157396715960403
-2.211333997667177
1.455453172939622
-0.14783190063495072
-0.28788451458537584
1.3840805254882662
0.9975450957192382
-0.3964567838699143
-0.6903987662350811
-0.37303432747114285
-0.18974700472872058
-0.19199259623068557
-1.2436648074260084
-0.05996915513342282
0.6135226312444657
-1.1490208234789612
-0.8269123437116845
-0.4864184460562256
-0.9026538536871898
-1.4584893645818506
0.39627532944173
0.36699039628105534
0.11895383393346846
0.5330919917813347
-0.2317873820883902
-0.6243806242401644
0.1194782024061283
-0.24735035927519333
-0.822856884265155
-0.9039748839482206
-0.4269764876972705
1.5156000665996676
-0.8300050659441667
-0.44925105138164867
-0.5600635235094592
-0.9792044821894742
-0.4333011370274092
-0.027786329077316676
-0.123807515901564
-1.2242359696348593
-1.8917391481895245
-0.29231283033720495
-1.6293656023347423
-1.709427188607965
-1.1782697542511633
-0.17923586876855827
0.06672057931525227
0.10999746742548293
-1.5460030411018428
-1.393997102166526
-0.7335109540551071
-1.1722902645040278
-1.1486635888078969
-0.3047815893490575
-1.1508277974578454
-0.8757083785408157
-0.6104247235271099
0.48641597290359767
0.45765358373064374
-0.11328527579880997
-0.007615950980722463
-1.3658246328505028
-1.088689050899367
-1.1871426429368852
-1.8754232293938746
-1.5854211326514018
-0.1851242291603073
-0.47930864835085285
-0.4882221003289868
-0.7500690416351142
-1.0794190638499448
-1.3283521984906308
-0.41957205620343563
-0.9884591429959398
-1.362797893947517
-0.3749828878869402
-1.8202108920168105
0.4195494296791528
-0.812960020779504
-0.469569543578988
