0,1
-0.164302479265705,0.164302479265705
-0.03807253954541818,0.03807253954541818
-0.12587062180330935,0.12587062180330935
-0.29305910984993666,0.29305910984993666
-0.18607628813839683,0.18607628813839683
-0.1748071856367333,0.1748071856367333
-0.364280917434625,0.364280917434625
0.13990710619655794,-0.13990710619655794
-0.36189137777524577,0.36189137777524577
-0.02246664763573336,0.02246664763573336
-0.3489002320027418,0.3489002320027418
0.24757181620532862,-0.24757181620532862
0.19911597843088588,-0.19911597843088588
0.25284054668246675,-0.25284054668246675
0.25810372733314646,-0.25810372733314646
0.4152155766965056,-0.4152155766965056
0.3006353973015179,-0.3006353973015179
0.16494673031863327,-0.16494673031863327
0.6067519698780237,-0.6067519698780237
0.6085053741197965,-0.6085053741197965
0.7181636442322231,-0.7181636442322231
0.6188348225803407,-0.6188348225803407
-0.08077302570935026,0.08077302570935026
-0.0682789715127922,0.0682789715127922
-0.5408040640032039,0.5408040640032039
-1.541908997055761,1.541908997055761
0.246824263475232,-0.246824263475232
-0.9752263033124854,0.9752263033124854
0.6866916794393834,-0.6866916794393834
-1.2002542120819049,1.2002542120819049
0.040676115633821425,-0.040676115633821425
0.24637187317406156,-0.24637187317406156
-0.5981822745289777,0.5981822745289777
-0.3403241002252929,0.3403241002252929
0.13288032655304832,-0.13288032655304832
0.27140185938134254,-0.27140185938134254
0.15631491792922123,-0.15631491792922123
0.13153739771632902,-0.13153739771632902
-0.02326794107811907,0.02326794107811907
0.9344722354879674,-0.9344722354879674
0.03657609050678667,-0.03657609050678667
-0.6678060121919087,0.6678060121919087
0.5402623559522016,-0.5402623559522016
0.24278151164053793,-0.24278151164053793
0.2165106415350818,-0.2165106415350818
0.08601851229157194,-0.08601851229157194
-0.10215421242934325,0.10215421242934325
-0.36372339615847804,0.36372339615847804
-0.3546756393477985,0.3546756393477985
-0.18412121997945105,0.18412121997945105
-0.4022117414018196,0.4022117414018196
0.14512646561450632,-0.14512646561450632
-0.10378765044168325,0.10378765044168325
-0.3823147556166106,0.3823147556166106
0.399058088533943,-0.399058088533943
0.2775490422886971,-0.2775490422886971
0.2883502723082952,-0.2883502723082952
0.3450824799698715,-0.3450824799698715
-0.9277251274839814,0.9277251274839814
0.06439190465872932,-0.06439190465872932
-0.06934711977606672,0.06934711977606672
-0.05052833016043561,0.05052833016043561
0.16884700021761073,-0.16884700021761073
-0.1133634549398455,0.1133634549398455
-0.5080867070475475,0.5080867070475475
-0.3315778927252324,0.3315778927252324
0.4716827199684176,-0.4716827199684176
0.26545244222346626,-0.26545244222346626
-0.005339233476999271,0.005339233476999271
0.04392331497680986,-0.04392331497680986
0.23251943225125482,-0.23251943225125482
-0.040126330036261856,0.040126330036261856
-0.28643952838160475,0.28643952838160475
-0.4797554123661338,0.4797554123661338
-0.3983160238407491,0.3983160238407491
0.42719038785736213,-0.42719038785736213
-0.1854175070746077,0.1854175070746077
-0.031571753965427586,0.031571753965427586
0.6900745013223534,-0.6900745013223534
-0.05113157006060825,0.05113157006060825
-0.17819082954177312,0.17819082954177312
0.5660336744197645,-0.5660336744197645
0.17878139921371358,-0.17878139921371358
-0.011768079557168108,0.011768079557168108
-0.6392834662748151,0.6392834662748151
-0.8852767577468293,0.8852767577468293
-0.2739505326254929,0.2739505326254929
-0.40258815983499363,0.40258815983499363
1.0704593385884087,-1.0704593385884087
0.08479237433467449,-0.08479237433467449
0.13528293387470364,-0.13528293387470364
0.5232766407000613,-0.5232766407000613
0.18026624512742562,-0.18026624512742562
-0.0723732808119859,0.0723732808119859
-0.0860433720479846,0.0860433720479846
-0.12246894656678409,0.12246894656678409
0.022559064403790793,-0.022559064403790793
0.23770422780006886,-0.23770422780006886
0.17043062051851401,-0.17043062051851401
-0.02586525454447349,0.02586525454447349
0.10687597091711336,-0.10687597091711336
0.17108074936179882,-0.17108074936179882
-0.1750372696108515,0.1750372696108515
0.28381499235937235,-0.28381499235937235
-0.7292784820342428,0.7292784820342428
0.057685359953689584,-0.057685359953689584
2.063582273979983,-2.063582273979983
