0
0.345998219251996
0.07034785146390843
0.42669687856038074
2.3105395367218113
0.2585943131679242
0.3630689334586481
0.05275707264768211
-0.6150010411252962
-2.223008854171469
-0.41478426903108784
-0.27221770981493654
-0.8784709400747951
-0.7109617934992241
-5.584114026127511
-0.6377550903355415
-1.0469418670398813
-1.125444781579003
-0.7963684231081483
-1.6301897787811641
-1.7049093952639827
-1.627348518077204
-1.547415181327541
0.08090796450356687
0.10476736813477279
0.6990646691336334
1.6502438682116531
-0.43318685186233524
1.0592413748220253
-11.44939654718074
1.5454144662920175
-0.10465783367823013
-0.393307535848636
2.2152531563492537
1.8189151214200427
-0.4922061401746149
-0.8208897524867161
-0.4313165541173294
-0.22503151608165198
-0.17998219375211746
-1.2605490454387849
-0.04356571654588854
0.628822023083406
-1.1456528689038237
-0.8081902780263024
-0.4580952980462489
-0.9571945275806565
-4.870977365426612
0.40336126882004447
0.39724036151365044
0.13635966027035637
0.5577144607820005
-0.19822129678637218
-0.6442960399953335
-0.5881309936265022
-0.015450850527241142
-1.112637485753548
-1.2031783929075026
-0.1774881279034087
0.8632629296857048
-0.9451251297609224
-0.4199198239171058
-0.6007384420820828
-1.0483882227002228
-0.46948008913284117
-0.004566035759884015
-0.1433810528931166
-1.381498425337542
-2.413520815434669
-0.28284747212382294
-2.213537552815542
-1.940027473041086
-1.3401178313703954
-0.21318782543011194
0.04381583339826011
0.09822493341401484
-1.6758198369103123
-2.4864912716289895
-0.6629564952847598
-3.3029127788148718
-1.6303822268804442
-0.3397103478606974
-1.2145997556291888
-0.9796683298477652
-0.6025621386351923
0.4141860078830172
0.5023101543488986
-0.06092263550438985
-0.07566078829356893
-1.543389105315265
-1.050858216046775
-1.1787787005942112
-5.058117574225584
-1.9330159450836493
-0.2480169542280334
-0.4762726779550941
-0.4258824681918947
-0.7443852813777271
-1.0745533234228999
-1.44502811869889
-0.4602876448678855
-1.0558193465301304
-1.402956560169968
-0.39362149367988136
-2.4368808519576852
0.4657758874748771
-0.844455652173601
-0.5063887335792208
